Time/s	Counts
0	0
1	2
2	3
3	1
4	0
5	0
6	0
7	1
8	1
9	0
10	0
11	0
12	1
13	1
14	1
15	1
16	0
17	1
18	0
19	0
20	1
21	0
22	1
23	1
24	1
25	0
26	1
27	0
28	2
29	3
30	0
31	1
32	1
33	0
34	0
35	0
36	3
37	0
38	0
39	2
40	2
41	1
42	2
43	0
44	0
45	0
46	0
47	0
48	1
49	0
50	0
51	0
52	2
53	2
54	0
55	0
56	0
57	1
58	2
59	1
60	0
61	0
62	0
63	0
64	1
65	1
66	2
67	1
68	0
69	1
70	2
71	1
72	2
73	0
74	4
75	0
76	0
77	1
78	2
79	0
80	0
81	1
82	0
83	0
84	1
85	2
86	1
87	0
88	0
89	1
90	2
91	0
92	0
93	0
94	1
95	0
96	5
97	1
98	0
99	0
100	1
101	2
102	0
103	3
104	0
105	1
106	2
107	1
108	0
109	0
110	3
111	2
112	1
113	0
114	1
115	0
116	0
117	0
118	0
119	1
120	0
121	0
122	0
123	0
124	0
125	0
126	0
127	1
128	0
129	0
130	3
131	0
132	0
133	0
134	0
135	0
136	2
137	1
138	0
139	2
140	0
141	0
142	0
143	0
144	0
145	1
146	0
147	2
148	0
149	0
150	0
151	0
152	2
153	0
154	2
155	0
156	1
157	0
158	0
159	0
160	0
161	0
162	1
163	0
164	0
165	0
166	0
167	3
168	0
169	0
170	0
171	2
172	0
173	0
174	3
175	1
176	0
177	0
178	1
179	0
180	0
181	0
182	0
183	0
184	0
185	0
186	0
187	0
188	0
189	0
190	0
191	0
192	0
193	1
194	2
195	2
196	0
197	0
198	0
199	0
200	0
201	2
202	2
203	0
204	3
205	0
206	2
207	0
208	1
209	3
210	1
211	0
212	0
213	0
214	0
215	0
216	0
217	0
218	0
219	0
220	0
221	0
222	0
223	1
224	1
225	0
226	3
227	2
228	2
229	0
230	1
231	0
232	1
233	1
234	0
235	1
236	1
237	0
238	0
239	2
240	0
241	1
242	3
243	0
244	0
245	0
246	0
247	0
248	0
249	0
250	0
251	1
252	0
253	1
254	4
255	2
256	0
257	0
258	0
259	2
260	0
261	0
262	0
263	1
264	0
265	1
266	0
267	0
268	0
269	0
270	2
271	0
272	5
273	0
274	3
275	1
276	0
277	2
278	0
279	1
280	0
281	1
282	0
283	1
284	2
285	1
286	1
287	0
288	0
289	1
290	0
291	1
292	0
293	0
294	1
295	0
296	0
297	3
298	0
299	2
300	0
301	3
302	1
303	0
304	0
305	0
306	0
307	0
308	2
309	2
310	0
311	1
312	5
313	1
314	1
315	1
316	0
317	0
318	0
319	1
320	2
321	0
322	3
323	0
324	2
325	1
326	0
327	1
328	1
329	0
330	0
331	0
332	0
333	0
334	0
335	0
336	0
337	0
338	0
339	0
340	0
341	0
342	0
343	1
344	1
345	3
346	0
347	1
348	0
349	0
350	1
351	0
352	0
353	0
354	0
355	0
356	0
357	1
358	2
359	1
360	0
361	2
362	2
363	0
364	0
365	0
366	3
367	0
368	1
369	1
370	1
371	2
372	0
373	0
374	0
375	0
376	0
377	0
378	0
379	0
380	0
381	2
382	0
383	0
384	0
385	1
386	1
387	0
388	1
389	0
390	0
391	0
392	0
393	0
394	0
395	0
396	0
397	1
398	0
399	2
400	2
401	0
402	0
403	0
404	2
405	0
406	3
407	2
408	3
409	0
410	0
411	0
412	0
413	3
414	1
415	1
416	1
417	2
418	1
419	1
420	1
421	1
422	1
423	6
424	0
425	0
426	0
427	0
428	0
429	1
430	0
431	1
432	0
433	0
434	1
435	2
436	0
437	2
438	0
439	1
440	2
441	2
442	0
443	0
444	0
445	0
446	2
447	1
448	0
449	3
