Time/s	Counts
0	0
1	1
2	0
3	4
4	4
5	2
6	4
7	3
8	2
9	6
10	2
11	1
12	1
13	2
14	0
15	4
16	4
17	0
18	3
19	1
20	1
21	1
22	1
23	3
24	1
25	6
26	3
27	2
28	3
29	2
30	1
31	1
32	3
33	0
34	2
35	0
36	0
37	2
38	1
39	0
40	1
41	2
42	2
43	0
44	5
45	1
46	3
47	2
48	1
49	3
50	1
51	2
52	7
53	0
54	2
55	1
56	1
57	1
58	0
59	4
60	6
61	3
62	2
63	2
64	0
65	3
66	3
67	1
68	2
69	6
70	1
71	3
72	0
73	2
74	2
75	2
76	0
77	3
78	3
79	4
80	8
81	0
82	0
83	2
84	0
85	0
86	2
87	1
88	0
89	0
90	2
91	3
92	0
93	3
94	3
95	3
96	4
97	4
98	1
99	1
100	2
101	5
102	2
103	3
104	4
105	4
106	1
107	6
108	0
109	3
110	2
111	2
112	3
